224.23
225.12
228.22
225.00
228.02
228.28
229.00
228.52
229.87
232.87
235.06
234.93
237.33
239.59
242.65
243.01
243.04
242.84
246.75
247.77
246.49
247.96
248.13
251.04
253.48
248.05
249.79
254.49
255.27
258.20
259.02
255.59
252.20
250.42
243.85
243.36
245.00
242.21
242.70
236.85
234.40
233.28
237.87
228.26
229.98
222.64
223.83
223.66
222.78
229.86
238.26
239.36
237.59
236.00
228.01
232.80
232.47
233.22
227.63
227.65
232.62
236.87
241.53
244.60
244.47
244.87
245.83
245.55
247.10
247.04
240.36
237.30
241.84
238.03
235.93
235.74
235.33
239.07
227.48
220.84
216.98
209.68
213.49
214.00
212.69
215.24
214.10
218.27
220.73
223.75
221.53
223.85
217.90
222.13
223.19
223.89
203.19
188.38
181.46
172.42
198.85
190.42
198.15
202.52
202.14
194.27
196.98
193.16
199.74
204.60
208.37
209.28
210.14
211.21
212.50
213.32
205.35
198.89
198.51
196.25
197.49
198.53
210.79
212.93
212.33
211.45
211.26
208.78
206.86
202.09
201.36
195.27
200.21
200.42
199.95
200.85
201.70
203.27
202.82
200.63
203.92
201.45
202.67
198.78
199.20
196.45
198.42
195.64
196.58
201.00
201.50
200.30
201.56
201.00
201.08
205.17
207.82
212.44
213.55
209.95
210.01
211.14
212.41
211.16
208.62
209.11
210.16
210.02
211.18
212.48
214.40
214.15
213.76
213.88
214.05
211.27
209.05
207.57
202.38
203.35
202.92
213.25
220.03
229.35
227.18
229.65
233.33
232.78
231.59
230.89
230.56
226.01
224.90
227.76
227.16
229.31
230.49
232.56
232.14
229.72
238.47
239.78
239.69
237.88
234.35
226.79
230.03
234.07
236.70
238.15
238.99
237.88
245.50
256.08
254.43
252.31
256.87
255.46
254.43
254.63
255.45
257.13
258.02
256.69
256.48
258.06
254.04
245.27
247.66
247.77
249.34
247.45
252.29
262.24
262.77
258.45
259.58
262.82
268.81
269.00
269.70
271.40
270.37
269.05
270.04
270.14
269.77
268.47
269.43
275.25