4.56
4.56
4.57
4.48
4.36
4.34
4.44
4.49
4.55
4.86
4.80
4.97
4.95
5.04
4.86
4.91
5.20
4.73
4.51
4.45
4.35
4.31
4.18
4.06
4.25
4.05
4.09
4.18
4.12
4.06
4.05
4.00
3.97
3.98
4.02
4.02
4.06
4.07
3.95
3.80
3.51
3.24
3.51
3.58
3.50
3.48
3.39
3.41
3.42
3.25
3.30
3.21
3.14
3.11
3.08
3.16
3.13
3.10
3.10
3.17
3.31
3.50
3.48
3.55
3.70
3.57
3.49
3.43
3.36
3.27
3.26
3.22
3.30
3.05
3.08
3.05
3.01
3.06
2.98
2.97
2.94
2.84
2.90
3.01
3.02
3.04
2.99
3.04
3.08
3.07
3.03
2.96
2.88
2.87
2.78
2.75
2.64
2.65
2.75
2.65
2.89
2.92
2.95
2.88
2.96
2.80
2.78
2.69
2.72
2.71
2.71
2.71
2.72
2.68
2.67
2.65
2.68
2.64
2.68
2.71
2.70
2.73
2.73
2.74
2.74
2.81
2.95
2.90
3.01
2.93
3.24
3.24
4.01
3.46
3.42
3.56
3.44
3.33
3.40
3.40
3.40
3.35
3.34
3.29
3.13
3.15
3.13
3.00
3.02
3.01
2.99
3.00
2.98
3.02
3.07
3.10
2.82
2.88
2.95
2.85
2.90
2.95
3.00
3.33
3.29
3.12
3.18
3.48
3.54
3.44
3.50
3.47
3.36
3.25
3.11
2.96
2.91
2.90
2.85
2.87
2.84
2.78
2.81
2.93
3.03
3.07
3.07
3.04
3.00
2.93
2.86
2.84
2.83
2.95
2.88
2.86
2.84
2.83
2.81
2.77
2.71
2.72
2.75
2.83
2.81
2.76
2.80
2.81
2.90
2.90
2.82
2.84
3.01
3.00
2.96
2.92
2.83
2.89
3.00
2.90
2.95
3.15
3.06
2.90
2.84
2.84
2.93
2.95
2.87
2.83
2.82
2.75
2.74
2.77
2.89
2.75
2.73
2.69
2.70
2.72
2.66
2.54
2.59
2.58
2.51
2.50
2.60
2.41
2.46
2.43