143.63
139.30
138.84
134.90
138.93
139.39
137.60
137.49
138.35
141.13
137.72
136.24
137.18
142.06
141.98
143.99
141.36
138.59
130.87
127.74
130.15
130.60
126.91
126.69
125.02
121.41
118.88
119.21
124.60
126.29
125.06
125.19
122.44
120.79
120.63
125.37
129.55
127.33
121.84
116.04
117.32
116.09
119.96
118.44
121.46
122.28
123.75
123.04
122.84
115.01
114.17
117.35
118.86
115.95
114.27
119.50
112.01
110.16
107.56
110.48
111.10
111.72
111.81
113.10
114.28
114.69
114.17
110.84
108.11
103.96
104.74
99.51
99.86
98.23
100.75
101.67
98.85
100.31
96.63
96.76
100.79
98.11
100.97
104.59
103.51
106.23
107.14
106.44
113.85
114.81
110.19
106.65
103.22
102.74
102.78
102.96
93.80
85.76
83.64
78.21
96.84
88.70
93.40
94.50
95.29
88.29
87.50
85.56
86.26
90.39
94.47
96.65
96.39
96.06
97.35
96.65
98.80
100.59
98.62
100.36
101.70
102.84
108.12
112.46
117.72
114.99
117.17
114.74
113.51
112.06
110.71
110.31
114.56
112.86
113.03
110.73
114.63
117.31
118.58
115.69
116.19
121.73
123.24
121.14
118.50
116.16
126.39
127.10
126.79
128.24
129.58
138.43
143.40
143.68
143.81
141.90
136.11
138.52
137.91
134.80
137.82
138.41
144.16
146.42
146.24
155.61
160.08
160.41
156.99
157.00
154.72
158.65
162.12
166.47
173.66
177.44
179.51
176.31
171.70
176.78
174.31
163.12
172.40
172.76
172.28
174.95
184.42
180.95
177.51
176.14
166.55
165.20
163.71
167.76
163.36
166.62
167.13
168.58
162.63
162.32
162.13
161.79
151.14
151.41
155.82
159.54
155.67
158.57
161.16
160.46
159.16
157.92
157.39
159.79
160.90
160.88
161.27
159.46
161.36
161.79
164.01
169.73
164.67
203.71
211.51
235.56
232.89
214.90
216.42
218.09
238.60
234.56
233.08
240.56
238.03
230.23
234.99
252.92
259.67
258.01
264.33
254.84
256.12
259.65
250.05
256.33
237.70
233.54
243.98
237.52