175.98
167.63
164.76
167.65
169.12
169.23
168.95
171.49
171.34
174.37
172.64
174.71
175.37
185.17
195.40
191.96
189.82
196.66
195.42
188.40
188.51
191.41
194.63
196.11
195.60
192.76
191.24
189.30
189.43
191.79
196.87
195.49
193.95
192.04
191.01
189.66
195.55
192.91
196.00
198.05
198.37
197.98
200.21
191.81
195.30
195.41
200.87
204.02
201.23
206.38
191.33
191.60
185.34
186.47
185.32
183.61
186.14
185.23
183.77
185.27
184.56
179.66
179.25
175.42
172.73
168.50
170.28
167.01
170.92
173.02
172.35
173.86
165.87
164.04
167.11
162.76
165.49
164.29
160.67
163.89
162.80
163.99
167.68
170.56
165.06
162.24
154.33
154.64
157.07
157.04
150.72
145.60
146.75
144.70
158.71
152.82
157.14
159.07
156.31
153.33
151.16
147.67
151.47
155.35
159.28
161.96
160.61
160.16
158.80
161.30
164.03
164.21
163.23
151.38
154.28
152.75
158.46
159.53
165.37
163.96
166.19
166.54
163.98
168.56
170.87
168.47
172.90
172.36
171.86
171.74
169.03
166.18
168.05
168.21
173.68
176.09
178.60
177.35
175.70
174.67
176.77
175.95
173.32
166.64
165.19
166.77
170.68
173.54
178.53
176.23
175.84
178.64
179.53
176.79
174.36
176.62
177.62
180.19
181.56
182.00
182.97
183.58
185.06
190.10
191.34
190.23
192.17
193.18
192.58
195.75
196.53
191.90
189.13
195.04
194.67
196.09
196.52
201.42
201.00
203.34
201.96
202.94
203.90
203.50
201.57
199.32
199.75
206.09
208.49
207.14
207.48
211.64
212.91
211.35
230.66
232.30
235.00
234.04
239.63
239.17
240.37
240.80
251.61
251.16
249.53
252.03
254.72
252.53
251.66
247.14
245.79
246.54
244.05
243.10
244.90
245.69
245.35
250.43
245.76
244.62
241.53
236.57
244.15
245.45
251.03
251.46
253.30
256.55
250.46
251.69
253.08
259.92
269.27
267.47
274.57
281.48
281.19
283.72
277.54
284.31
284.75
278.83
290.10
291.31
178.12
175.30
172.49
175.58
178.88
181.62