423.03
425.20
426.89
415.00
415.76
417.79
415.49
412.87
417.00
418.79
427.99
422.99
423.46
430.98
431.20
437.42
442.62
443.57
446.02
443.33
448.99
449.56
447.27
451.59
454.46
437.39
437.03
436.60
435.25
439.33
438.11
430.53
424.83
421.50
418.58
423.35
427.85
422.37
424.56
418.95
417.19
415.67
426.31
424.58
429.03
428.50
446.20
446.71
444.06
434.56
447.20
442.33
414.99
415.06
410.92
412.37
413.29
415.82
409.75
412.22
411.44
409.04
410.54
408.43
409.64
414.77
416.13
408.21
404.00
397.90
399.73
392.53
396.99
388.49
388.61
401.02
396.89
393.31
380.16
380.45
383.27
378.77
388.56
388.70
383.52
387.82
386.84
391.26
393.08
395.16
389.97
390.58
378.80
375.39
382.19
382.14
373.11
359.84
357.86
354.56
390.49
381.35
388.45
387.81
385.73
371.61
367.78
359.12
366.82
374.39
387.30
391.85
391.16
394.04
395.26
425.40
435.28
436.17
433.31
433.35
438.17
438.73
449.26
449.14
452.94
453.13
454.27
458.87
458.17
452.57
454.86
450.18
460.69
457.36
458.68
460.36
461.97
462.97
463.87
467.68
470.38
472.75
470.92
472.62
478.87
474.96
479.14
478.04
480.24
477.40
486.00
490.11
492.27
497.45
495.94
497.41
492.05
491.09
498.84
497.72
496.62
503.51
501.48
503.32
503.02
505.82
505.62
511.70
510.05
510.06
505.27
505.87
510.88
513.71
512.50
512.57
513.24
533.50
524.11
535.64
527.75
524.94
520.84
522.04
521.77
529.24
520.58
522.48
520.17
517.10
509.77
505.72
504.24
507.23
504.26
502.04
506.74
509.64
506.69
505.12
505.35
507.97
495.00
498.20
498.41
500.37
501.01
509.90
515.36
509.04
510.02
508.45
517.93
514.45
509.23
510.15
507.03
511.46
514.60
517.95
519.71
515.74
517.35
528.57
523.98
524.85
522.40
510.96
514.05
513.57
513.43
511.61
513.58
516.79
517.66
520.54
520.56
523.61
531.52
542.07
541.55
525.76
517.81
517.03
514.33
507.16
497.10
496.82
506.00
508.68