148.29
146.27
146.76
141.98
140.15
147.01
145.89
146.67
141.95
136.02
136.92
135.34
138.25
138.63
140.26
145.14
145.06
142.44
138.81
135.07
139.31
137.34
134.25
132.00
130.39
128.91
130.68
134.70
139.67
140.22
139.93
137.01
137.49
134.29
138.31
144.47
149.43
140.14
140.11
135.91
133.23
131.76
136.24
133.57
137.71
140.83
147.07
147.22
142.62
118.42
128.99
123.70
124.65
120.07
116.66
118.65
124.83
128.68
129.84
133.57
132.80
131.14
135.29
138.85
139.40
139.23
140.11
134.43
130.28
126.63
131.28
120.15
124.92
114.06
115.99
117.30
110.57
112.69
106.98
108.76
115.74
115.58
121.67
119.53
115.43
117.52
118.53
117.70
121.41
120.69
113.76
111.43
109.67
108.38
110.15
110.42
101.80
94.31
97.64
96.30
114.33
107.57
110.93
110.71
112.20
104.49
101.49
96.91
98.89
102.71
106.43
111.01
108.73
109.02
108.92
111.61
114.50
113.82
113.54
117.06
117.37
116.65
123.00
129.93
135.34
134.83
135.40
135.57
134.38
131.80
132.83
131.29
135.50
134.81
139.19
135.13
137.38
141.22
141.92
139.99
141.72
142.63
143.96
142.83
145.00
141.97
144.69
144.12
145.48
143.85
144.17
147.90
154.31
155.02
157.75
157.99
153.30
157.25
159.34
158.24
160.00
162.88
164.10
164.92
164.07
170.70
171.37
173.00
172.41
171.38
167.03
170.78
173.74
173.50
176.75
175.51
179.27
177.87
173.72
180.00
178.26
179.42
180.77
182.70
182.06
183.16
181.59
182.02
180.45
182.01
175.64
175.40
174.98
177.99
179.81
181.77
181.60
180.17
174.18
170.78
170.62
171.66
167.02
168.31
170.76
177.33
177.17
177.82
177.75
174.88
170.29
176.24
176.67
183.61
178.43
176.97
177.69
178.19
181.85
186.58
187.24
188.89
187.62
185.54
185.04
189.11
192.57
183.16
188.32
180.03
179.83
181.81
183.22
182.64
181.16
180.28
182.16
186.26
191.49
201.03
207.04
202.89
202.49
206.88
198.69
195.21
188.08
188.15
199.05
193.16