189.58
189.63
187.05
183.74
185.73
188.90
190.75
192.43
192.29
187.99
190.37
182.70
184.84
181.41
182.89
188.19
186.24
191.69
190.45
177.74
178.58
175.32
173.39
171.23
169.71
165.41
168.79
169.66
169.14
171.41
171.68
168.96
166.91
166.64
166.03
166.32
165.69
162.03
163.14
154.50
153.92
156.31
158.31
159.54
161.03
172.57
184.22
186.47
183.60
158.28
164.00
162.02
170.38
170.06
168.60
167.89
171.66
172.35
174.46
178.92
177.19
172.22
173.86
174.16
179.80
181.52
176.00
167.81
169.96
168.54
172.47
164.76
166.06
162.02
157.47
161.56
150.94
155.16
148.79
144.18
150.89
147.66
149.27
154.01
149.45
152.45
152.72
152.23
154.87
153.93
147.80
145.78
140.87
139.81
141.94
145.86
137.23
128.27
127.16
124.50
139.69
133.35
132.35
134.64
133.94
129.76
128.62
122.82
127.24
131.40
137.51
138.49
140.14
140.79
140.72
145.49
150.73
149.29
147.70
149.37
150.30
150.34
157.22
162.27
162.95
159.40
160.49
159.64
160.31
157.18
157.31
155.97
161.91
163.85
162.90
165.53
166.57
169.14
168.10
171.14
174.02
177.15
177.48
176.38
199.86
215.22
211.10
208.18
210.87
205.17
207.04
215.27
210.72
212.82
210.24
218.63
218.96
229.98
237.32
232.26
234.50
235.81
235.00
230.56
229.28
234.96
241.30
248.75
245.45
243.54
238.11
241.90
242.83
245.12
247.71
249.98
250.60
253.77
244.42
252.53
255.67
256.43
249.39
250.05
252.68
253.86
244.18
244.96
248.28
249.07
234.62
235.06
233.16
236.37
235.41
234.21
235.81
240.32
226.13
225.30
223.45
223.00
232.80
238.48
241.51
328.33
307.86
292.18
302.14
306.65
301.41
296.62
308.66
328.15
313.83
308.46
291.33
283.46
282.76
281.24
289.01
288.78
286.14
291.59
284.24
288.63
296.96
292.96
308.01
299.00
303.62
313.00
291.31
277.18
275.15
272.66
280.07
283.33
281.40
280.83
275.30
256.89
262.61
257.85
248.17
250.31
243.80
239.26
240.83
236.15