39.03
39.11
38.74
39.01
39.22
39.25
38.92
39.05
39.33
39.34
39.43
39.80
39.50
39.28
39.10
39.18
39.33
39.27
39.20
39.02
39.00
39.20
39.20
39.28
38.96
38.21
37.55
38.10
37.73
38.22
38.52
37.68
37.20
37.46
36.95
37.49
36.69
36.45
36.60
35.56
35.65
35.84
35.46
35.93
35.79
36.41
35.81
36.30
36.62
37.30
36.93
36.29
36.71
36.33
36.20
36.34
36.86
36.61
37.32
36.82
37.12
37.02
37.24
36.58
36.17
35.79
35.38
35.25
35.48
36.11
36.01
36.31
37.20
37.23
36.54
36.73
36.15
35.95
35.51
35.16
34.92
34.43
34.81
35.13
35.15
35.14
35.26
34.93
35.77
35.65
35.98
35.69
35.96
36.49
36.86
37.33
36.06
34.98
34.33
33.53
34.92
34.52
35.05
35.50
35.36
35.54
36.18
35.29
36.05
35.79
35.22
35.08
35.01
34.95
34.70
34.96
35.55
35.41
35.41
35.51
35.23
35.61
36.39
35.69
35.31
35.89
36.28
36.20
35.44
34.35
34.14
33.94
34.90
34.80
35.44
35.46
35.95
35.60
35.61
35.35
35.73
36.07
36.24
35.75
35.72
35.45
35.15
35.08
35.34
35.40
35.93
35.57
34.48
35.01
34.90
35.03
35.18
35.07
35.21
34.90
34.35
34.57
34.55
34.59
34.80
34.04
34.79
35.01
34.93
34.68
34.96
34.82
34.76
34.56
34.23
35.11
34.42
33.79
33.53
33.71
34.02
33.73
33.63
33.04
33.29
33.77
34.07
33.92
33.83
33.80
34.13
34.22
33.79
34.85
34.50
34.42
34.71
34.86
35.19
35.12
35.46
36.03
36.15
35.75
35.59
35.55
35.96
35.60
35.52
35.40
35.11
35.49
35.10
34.99
34.77
34.26
34.26
34.49
34.22
34.33
34.15
33.67
33.75
33.60
33.38
33.67
33.73
33.25
33.56
33.74
33.76
34.03
34.51
34.38
34.62
34.74
34.42
34.66
34.73
34.26
34.07
33.97
33.84
33.88
34.04
34.12
34.51
34.90
34.94
34.80