13.82
13.50
13.40
13.63
13.93
14.42
14.67
15.01
15.60
15.70
15.49
16.12
16.41
15.91
15.88
16.32
15.65
16.02
15.57
15.29
15.94
15.90
16.25
16.88
16.66
15.24
15.03
15.35
15.63
16.02
16.60
15.98
15.63
15.40
14.13
14.84
15.29
14.91
14.55
14.15
14.07
14.50
15.51
16.30
16.50
17.90
17.59
18.03
17.92
16.08
16.17
15.99
16.44
15.78
15.40
15.29
15.49
14.80
14.91
15.13
14.83
14.77
15.19
16.21
16.83
16.18
15.56
14.67
14.36
13.92
14.47
14.07
14.47
13.57
13.09
13.43
12.45
12.59
11.18
11.26
11.92
11.39
12.09
12.32
11.95
12.73
12.64
12.87
13.72
13.54
13.07
12.20
11.85
11.63
11.91
12.31
10.64
9.57
9.86
9.50
11.39
10.52
10.71
10.82
10.94
10.66
10.98
10.69
11.27
11.74
12.31
12.88
13.20
13.27
12.51
12.51
12.70
12.86
12.73
13.01
13.26
13.18
14.04
14.29
14.03
13.57
13.92
13.73
13.27
12.80
13.19
13.09
13.39
13.32
13.17
13.30
13.67
13.66
13.46
13.67
14.24
14.10
14.39
15.06
14.90
14.09
14.90
14.43
15.36
15.20
15.36
15.85
16.08
16.77
17.18
18.21
17.64
18.12
18.57
19.24
19.95
20.22
20.97
21.20
21.33
20.96
21.39
22.09
21.81
21.16
20.98
21.56
21.51
21.20
21.02
22.40
21.87
22.58
21.23
21.81
21.54
21.46
22.08
22.10
22.42
23.65
23.81
23.29
23.77
24.23
22.75
22.52
23.33
25.02
26.15
25.62
24.96
26.04
25.54
24.91
24.49
25.38
25.60
25.96
25.97
25.52
25.96
26.55
27.67
27.42
27.14
28.11
29.51
29.81
29.09
28.44
28.12
27.98
27.55
26.42
25.76
25.97
25.24
26.36
28.14
28.02
28.45
26.19
27.14
27.87
28.03
26.60
26.54
28.68
28.75
27.19
28.08
29.01
30.00
31.66
30.90
29.03
29.68
30.63
29.37
30.07
27.16
28.21
30.54
30.95